77.2069
70.9311
85.8889
64.3155
68.9975
75.2824
76.1305
87.0107
74.2801
65.2406
62.5182
83.7469
64.8589
76.8355
75.5055
78.6771
91.7797
77.1888
74.6107
74.2357
68.1543
86.5491
70.3381
73.5995
75.3837
70.3048
83.2687
78.2793
84.1476
76.637
72.7944
72.6894
85.2804
70.5544
77.7863
80.7178
88.4601
60.6909
80.1771
71.0902
66.112
72.37
94.445
94.0721
77.2789
91.8163
91.0497
74.5006
92.8179
78.8739
78.5702
84.4953
80.8317
72.9608
60.4937
81.3068
78.7878
76.3889
70.5912
66.3167
62.7753
82.9889
93.3879
74.4514
71.8126
61.6571
91.2269
71.8901
76.4364
74.8866
66.5666
68.1507
88.3722
66.9087
69.6069
75.7416
70.3647
65.7887
67.5244
71.1898
65.1709
85.3443
86.9616
65.925
81.1857
71.2814
80.1825
77.2048
81.5239
77.7377
80.9061
83.7512
74.5585
78.4333
85.257
76.7384
78.2431
97.4936
74.502
77.7908
