    200.000    240.000     0          7.2097e+03
    240.000    260.000     1          3.8412e+03
    260.000    280.000     2          2.6687e+03
    280.000    300.000     3          1.8967e+03
    300.000    320.000     4          1.3374e+03
    320.000    340.000     5          9.8753e+02
    340.000    360.000     6          7.3262e+02
    360.000    380.000     7          5.5018e+02
    380.000    400.000     8          4.2427e+02
    400.000    425.000     9          3.2665e+02
    425.000    450.000    10          2.3316e+02
    450.000    475.000    11          1.7846e+02
    475.000    500.000    12          1.3572e+02
    500.000    525.000    13          1.0873e+02
    525.000    550.000    14          7.9742e+01
    550.000    575.000    15          6.5507e+01
    575.000    600.000    16          4.9817e+01
    600.000    625.000    17          4.0750e+01
    625.000    650.000    18          3.2219e+01
    650.000    675.000    19          2.7279e+01
    675.000    700.000    20          2.0936e+01
    700.000    725.000    21          1.8163e+01
    725.000    750.000    22          1.4132e+01
    750.000    775.000    23          1.2127e+01
    775.000    800.000    24          1.0051e+01
    800.000    840.000    25          7.9972e+00
    840.000    880.000    26          6.1606e+00
    880.000    920.000    27          4.8233e+00
    920.000    960.000    28          3.7305e+00
    960.000   1000.000    29          2.9013e+00
   1000.000   1050.000    30          2.2212e+00
   1050.000   1100.000    31          1.6929e+00
   1100.000   1150.000    32          1.2967e+00
   1150.000   1200.000    33          9.9663e-01
   1200.000   1250.000    34          7.6987e-01
   1250.000   1300.000    35          6.1001e-01
   1300.000   1350.000    36          4.7376e-01
   1350.000   1400.000    37          3.8887e-01
   1400.000   1450.000    38          3.0325e-01
   1450.000   1500.000    39          2.4817e-01
   1500.000   1550.000    40          1.9909e-01
   1550.000   1600.000    41          1.6299e-01
   1600.000   1650.000    42          1.3434e-01
   1650.000   1700.000    43          1.1075e-01
   1700.000   1750.000    44          9.1807e-02
   1750.000   1800.000    45          7.5431e-02
   1800.000   1850.000    46          6.2797e-02
   1850.000   1900.000    47          5.3186e-02
   1900.000   1950.000    48          4.4346e-02
   1950.000   2000.000    49          3.7513e-02
   2000.000   2050.000    50          3.2094e-02
   2050.000   2100.000    51          2.6456e-02
   2100.000   2150.000    52          2.2905e-02
   2150.000   2200.000    53          2.0440e-02
   2200.000   2250.000    54          1.5960e-02
   2250.000   2300.000    55          1.3256e-02
   2300.000   2350.000    56          1.3133e-02
   2350.000   2400.000    57          1.0787e-02
   2400.000   2450.000    58          9.0233e-03
   2450.000   2500.000    59          7.8754e-03
   2500.000   2550.000    60          6.9865e-03
   2550.000   2600.000    61          5.9969e-03
   2600.000   2650.000    62          5.1424e-03
   2650.000   2700.000    63          4.5269e-03
   2700.000   2750.000    64          4.0028e-03
   2750.000   2800.000    65          3.4100e-03
   2800.000   2850.000    66          3.0381e-03
   2850.000   2900.000    67          2.6399e-03
   2900.000   2950.000    68          2.3971e-03
   2950.000   3000.000    69          2.0033e-03
   3000.000   3100.000    70          1.7144e-03
   3100.000   3200.000    71          1.3263e-03
   3200.000   3300.000    72          1.0169e-03
   3300.000   3400.000    73          8.4175e-04
   3400.000   3500.000    74          6.5168e-04
   3500.000   3600.000    75          5.2359e-04
   3600.000   3700.000    76          3.6409e-04
   3700.000   3800.000    77          3.2342e-04
   3800.000   3900.000    78          2.6110e-04
   3900.000   4000.000    79          2.0678e-04
   4000.000   4100.000    80          1.6675e-04
   4100.000   4200.000    81          1.3626e-04
   4200.000   4300.000    82          1.1147e-04
   4300.000   4400.000    83          8.7367e-05
   4400.000   4500.000    84          7.3538e-05
   4500.000   4600.000    85          5.8749e-05
   4600.000   4700.000    86          4.9140e-05
   4700.000   4800.000    87          3.9289e-05
   4800.000   4900.000    88          3.1764e-05
   4900.000   5000.000    89          2.5119e-05
   5000.000   5100.000    90          2.1089e-05
   5100.000   5200.000    91          1.7266e-05
   5200.000   5300.000    92          1.4430e-05
   5300.000   5400.000    93          1.1593e-05
   5400.000   5500.000    94          9.3764e-06
   5500.000   5600.000    95          8.0385e-06
   5600.000   5700.000    96          6.3338e-06
   5700.000   5800.000    97          5.3317e-06
   5800.000   5900.000    98          4.2481e-06
   5900.000   6000.000    99          3.4736e-06
   6000.000   6200.000   100          2.6633e-06
   6200.000   6400.000   101          1.7729e-06
   6400.000   6600.000   102          1.1652e-06
   6600.000   6800.000   103          8.0203e-07
   6800.000   7000.000   104          5.3246e-07
   7000.000   7200.000   105          3.5542e-07
   7200.000   7400.000   106          2.3838e-07
   7400.000   7600.000   107          1.5387e-07
   7600.000   7800.000   108          1.0154e-07
   7800.000   8000.000   109          6.6597e-08
   8000.000   8250.000   110          4.0999e-08
   8250.000   8500.000   111          2.3652e-08
   8500.000   8750.000   112          1.3751e-08
   8750.000   9000.000   113          7.5765e-09
   9000.000   9250.000   114          4.2248e-09
   9250.000   9500.000   115          2.2433e-09
   9500.000   9750.000   116          1.2215e-09
   9750.000  10000.000   117          6.1688e-10
  10000.000  10500.000   118          2.4255e-10
  10500.000  11000.000   119          5.6401e-11
  11000.000  13000.000   120          3.4464e-12
