39842.5285763
39961.1081714
40478.1776887
40413.5266382
39938.7295591
40051.2553214
40377.2490347
39811.1654142
40088.5011163
39824.5099044
40015.9159686
40031.1221969
39054.2748119
39795.1431073
39681.0436463
40734.1794489
39802.1524319
40860.3390247
39839.0382437
39872.3948518
41709.2987929
40143.2424108
40579.6572804
40108.7045237
39385.918278
40983.3289581
40663.3706867
41012.6175869
39599.7511195
39739.9423904
40035.5650132
40488.1271337
40520.6449578
40651.8738572
40315.3920621
40367.7456576
41014.5262604
39967.9189465
40794.9526744
38888.5741837
41304.597602
39359.9430582
40105.3359461
40977.1637428
40256.9258914
40318.8851645
40310.5672254
39558.0535459
39107.7202226
40894.4142369
40345.068361
39587.0819167
40444.5893385
39559.8776133
39904.2141382
41454.9394642
40550.561298
40166.88408
39862.0141961
40312.2545376
39984.8108056
39986.8993202
40585.2795715
40254.8611987
41610.2366747
39605.2984702
39877.0879902
40121.2908297
40330.0694045
40323.376771
39986.550612
40330.4544191
39967.882122
41406.4724512
40765.0324745
40501.8378811
39902.4545158
40223.2819072
40585.643316
40235.4342241
40607.9116348
41127.8196158
40099.6555549
40159.687244
40238.0804747
40749.1178656
40327.4087007
39871.4478297
40371.9074262
40507.6566346
41175.1492336
40047.4169093
40707.2535301
40217.1325249
39390.9424933
41430.3951378
40414.1057074
39590.0303654
39701.6513281
39604.5115255
39548.1126567
40697.5075957
40369.7358463
40241.2756589
40087.26688
40214.6685117
39453.6791131
41251.9468369
39925.4389605
40676.7940552
40697.6118983
40354.7933875
40610.0916243
39360.5895998
40110.8453441
40707.8417966
40758.1214867
40879.4970204
39180.9615894
40232.2294879
40043.4995913
40220.700122
39347.8021949
39902.7040352
39697.1180154
39633.85938
39527.4176936
39431.365443
40285.4098251
39888.1556623
40774.4988623
39751.4000004
40152.5298219
42055.3456171
39076.8176504
40404.0966695
39592.7979233
40100.7367934
39091.2860092
39954.313371
40415.6954196
40702.3076452
40737.433766
40194.073178
39855.0400381
41037.8659472
40316.9263913
40487.4203653
40232.8828017
41275.9613662
39690.9906592
39737.169161
39941.3189878
40491.6423835
39975.2266972
40856.8089884
40058.6854388
40670.9721446
39800.4699264
39281.7837128
39973.9430497
40291.4553625
41463.1445723
40001.9928654
40408.3053456
39646.4619884
39833.0408437
39887.1019739
39750.5659601
40401.4160735
41152.9650947
40088.8695999
40920.3195116
39839.0940741
39815.1248868
40353.0221851
41003.871064
39689.2044732
41607.6505754
40922.7353536
40410.8094722
40765.1024316
40274.9574248
40017.0510017
41276.3953425
39922.3510434
41622.3623496
40171.652011
39269.8067678
40447.88675
40923.986737
40106.9166837
38615.144054
39843.2723152
40503.287208
40206.1846257
40254.4114702
40440.4272042
40689.6517353
40173.2396846
